 <pre>

 Contingency table for Visibility (m)
 Selection: ALL    698 stations
Period: 20201204-20201217
Used {00,03,...,21} + 00 01 ... 09
 Limits    1000.00000       5000.00000       10000.0000       20000.0000    
 Each class is data <= limit, the very last > last limit
 Total number of values      649817
                                     OBSERVATION
                                  10086    10915     3254     1546      963 |     26764
                                  10547    62829    36463    23602    12932 |    146373
                           REF     2279    31259    41604    41557    26494 |    143193
                                    614    11204    30349    51723    46945 |    140835
                                   1927    19273    39398    64792    67262 |    192652

                    SUM           25453   135480   151068   183220   154596 |    649817
                                     OBSERVATION
                                  10151    10923     3253     1541      989 |     26857
                                  10549    63229    36690    23649    12916 |    147033
                          T2H2     2237    30887    41499    41754    26655 |    143032
                                    580    11055    29993    51247    46996 |    139871
                                   1936    19386    39633    65029    67040 |    193024

                    SUM           25453   135480   151068   183220   154596 |    649817

