 <pre>

 Contingency table for Cloud base (m)
 Selection: ALL    606 stations
Period: 20201204-20201210
Used {00,03,...,21} + 01 02 04 05 07 08
 Limits    70.0000000       150.000000       300.000000       600.000000       1000.00000       1500.00000       2500.00000       5000.00000    
 Each class is data <= limit, the very last > last limit
 Total number of values      132510
                                                       OBSERVATION
                                   2350     4106     1288      353      191      345      165      364      148 |      9310
                                   1212     4047     2605      590      204      119       45      129       16 |      8967
                                    902     5782     9253     3799      730      202      112      219       51 |     21050
                                    500     2921    12930    18481     3877      613      318      683      258 |     40581
                           REF      125      885     2414     4997     5022     1344      218      379      213 |     15597
                                     57      277      917     1653     1517     1171      300      216      128 |      6236
                                     26       96      394      750      565      471      409      256       23 |      2990
                                     29      103      332      557      373      390      679     1567      102 |      4132
                                    373      764     1896     4329     3678     2376     1512     5484     3235 |     23647

                    SUM            5574    18981    32029    35509    16157     7031     3758     9297     4174 |    132510
                                                       OBSERVATION
                                   2369     4142     1294      360      187      350      175      364      151 |      9392
                                   1202     4127     2633      602      226      119       41      128       18 |      9096
                                    913     5720     9322     3802      722      206      121      237       56 |     21099
                                    489     2923    12911    18456     3859      611      303      673      251 |     40476
                          T2H2      125      874     2393     5028     5039     1350      225      376      210 |     15620
                                     56      273      887     1642     1522     1166      293      215      127 |      6181
                                     24       87      389      759      567      467      415      254       23 |      2985
                                     30      100      329      552      372      387      681     1570      101 |      4122
                                    366      735     1871     4308     3663     2375     1504     5480     3237 |     23539

                    SUM            5574    18981    32029    35509    16157     7031     3758     9297     4174 |    132510

