 <pre>

 Contingency table for Cloud base (m)
 Selection: ALL    610 stations
Period: 20201204-20201217
Used {00,03,...,21} + 01 02 04 05 07 08
 Limits    70.0000000       150.000000       300.000000       600.000000       1000.00000       1500.00000       2500.00000       5000.00000    
 Each class is data <= limit, the very last > last limit
 Total number of values      299206
                                                       OBSERVATION
                                   5053     8641     2872     1107      625      414      213      457      229 |     19611
                                   2985    10301     6224     2014      666      195      102      187       78 |     22752
                                   2155    14003    20907     8496     2083      488      189      393       94 |     48808
                                   1617     9208    28043    34343     8643     1607      596     1188      479 |     85724
                           REF      685     3533     8138    14206    10603     2719      542      779      324 |     41529
                                    198     1062     2924     4972     4261     2573      622      532      157 |     17301
                                    100      484     1469     2333     1550     1234     1304      591       94 |      9159
                                     99      292      887     1288      862      724     1328     2592      131 |      8203
                                   1037     2596     5556     8446     7324     4360     3701     8334     4765 |     46119

                    SUM           13929    50120    77020    77205    36617    14314     8597    15053     6351 |    299206
                                                       OBSERVATION
                                   5089     8712     2897     1102      616      425      226      459      233 |     19759
                                   2999    10547     6250     2033      693      197       96      192       82 |     23089
                                   2146    13909    21148     8560     2085      493      200      410       98 |     49049
                                   1588     9139    27985    34328     8673     1617      588     1188      470 |     85576
                          T2H2      689     3499     8102    14267    10660     2720      549      773      321 |     41580
                                    201     1044     2876     4960     4240     2570      605      531      155 |     17182
                                     93      468     1454     2331     1557     1230     1316      593       94 |      9136
                                     96      278      871     1267      860      715     1326     2583      128 |      8124
                                   1028     2524     5437     8357     7233     4347     3691     8324     4770 |     45711

                    SUM           13929    50120    77020    77205    36617    14314     8597    15053     6351 |    299206

