 <pre>

 Contingency table for Cloud cover (octas)
 Selection: ALL    589 stations
Period: 20201204-20201210
Used {00,03,...,21} + 01 02 04 05 07 08
 Limits   0.500000000       1.50000000       2.50000000       3.50000000       4.50000000       5.50000000       6.50000000       7.50000000    
 Each class is data <= limit, the very last > last limit
 Total number of values      155585
                                                       OBSERVATION
                                  16669      790      890      457      328      365      547     1120     2336 |     23502
                                   1005      138      163       81       76      112      153      474     1125 |      3327
                                    559       53      106       59       56       71      102      328      755 |      2089
                                    396       36       62       52       44       63       82      266      639 |      1640
                           REF      346       36       73       56       45       62       89      248      644 |      1599
                                    404       47       75       47       48       60       92      294      752 |      1819
                                    636       74       96       68       58      105      126      399      985 |      2547
                                   1038      103      171      170      139      153      257      810     1879 |      4720
                                   4369      855      790      870      777     1218     1789    14144    89530 |    114342

                    SUM           25422     2132     2426     1860     1571     2209     3237    18083    98645 |    155585
                                                       OBSERVATION
                                  16670      783      888      454      326      362      556     1094     2307 |     23440
                                   1008      142      164       81       77      111      146      491     1107 |      3327
                                    573       58      112       64       60       67       91      324      769 |      2118
                                    402       36       61       49       40       70       89      285      633 |      1665
                          T2H2      337       37       77       52       46       62       90      238      631 |      1570
                                    402       47       68       50       49       63       95      303      736 |      1813
                                    650       77       99       70       54      104      124      399      999 |      2576
                                   1040       95      167      167      141      152      257      805     1879 |      4703
                                   4340      857      790      873      778     1218     1789    14144    89584 |    114373

                    SUM           25422     2132     2426     1860     1571     2209     3237    18083    98645 |    155585

