 <pre>

 Contingency table for Visibility (m)
 Selection: ALL    696 stations
Period: 20201204-20201210
Used {00,03,...,21} + 00 01 ... 09
 Limits    1000.00000       5000.00000       10000.0000       20000.0000    
 Each class is data <= limit, the very last > last limit
 Total number of values      313663
                                     OBSERVATION
                                   5866     5623     1578      756      456 |     14279
                                   4098    23027    14136     9642     5245 |     56148
                           REF     1069    12665    17600    19803    11099 |     62236
                                    276     4825    17766    31866    26770 |     81503
                                    714     7754    20301    35970    34758 |     99497

                    SUM           12023    53894    71381    98037    78328 |    313663
                                     OBSERVATION
                                   5901     5606     1562      735      468 |     14272
                                   4072    23162    14246     9616     5201 |     56297
                          T2H2     1057    12652    17697    20134    11225 |     62765
                                    267     4816    17675    31831    26808 |     81397
                                    726     7658    20201    35721    34626 |     98932

                    SUM           12023    53894    71381    98037    78328 |    313663

