 <pre>

 Contingency table for Cloud cover (octas)
 Selection: ALL    646 stations
Period: 20201204-20201217
Used {00,03,...,21} + 01 02 04 05 07 08
 Limits   0.500000000       1.50000000       2.50000000       3.50000000       4.50000000       5.50000000       6.50000000       7.50000000    
 Each class is data <= limit, the very last > last limit
 Total number of values      324674
                                                       OBSERVATION
                                  18435     1366     1316      761      541      620      813     1915     4737 |     30504
                                   1272      249      261      154      139      197      249      834     2327 |      5682
                                    707      109      167       95       97      129      171      556     1612 |      3643
                                    520       70      116       77       70       99      156      495     1413 |      3016
                           REF      478       91      106       93       83       96      172      480     1448 |      3047
                                    538       88      134       84       67      107      167      560     1649 |      3394
                                    886      150      173      113      101      177      227      743     2367 |      4937
                                   1411      180      263      252      220      256      445     1534     4610 |      9171
                                   6550     1304     1338     1492     1179     2053     3425    30614   213325 |    261280

                    SUM           30797     3607     3874     3121     2497     3734     5825    37731   233488 |    324674
                                                       OBSERVATION
                                  18419     1356     1316      754      539      616      820     1877     4594 |     30291
                                   1282      254      261      154      136      200      241      857     2290 |      5675
                                    735      111      175      108      103      120      164      548     1642 |      3706
                                    521       72      116       78       61      101      160      504     1405 |      3018
                          T2H2      470       95      107       85       86      101      172      470     1393 |      2979
                                    539       87      124       87       71      108      168      580     1672 |      3436
                                    894      151      175      108       97      174      225      734     2367 |      4925
                                   1416      175      262      246      221      262      452     1528     4546 |      9108
                                   6521     1306     1338     1501     1183     2052     3423    30633   213579 |    261536

                    SUM           30797     3607     3874     3121     2497     3734     5825    37731   233488 |    324674

